0 614 427.78758899715643
0 616 428.9595786318333
0 620 425.9338770278786
0 622 426.78078740730587
0 623 424.7203580004142
0 624 424.7203580004142
1 11 16.92744517049162
1 10 17.480174484255013
2 12 16.992056967889436
2 11 17.406599323245192
3 13 17.064363451356744
3 12 17.34467641669916
4 14 17.13717012811625
4 13 17.26991893437835
5 15 17.204014066490412
5 14 17.204014066490412
6 16 17.26991893437835
6 15 17.13717012811625
7 17 17.34467641669916
7 16 17.064363451356744
8 18 17.406599323245192
8 17 16.992056967889436
9 19 17.480174484255013
9 18 16.92744517049162
10 20 18.238738991498288
19 28 18.238738991498288
20 29 19.628278070172126
21 30 19.731908169257224
21 31 20.292841102221246
22 31 19.813152197467215
22 32 20.199071760850796
23 32 19.913153944064213
23 33 20.102263554137377
24 33 20.00473943844308
24 34 20.00473943844308
25 35 19.913153944064213
25 607 233.93812622144347
26 36 19.813152197467215
26 35 20.199071760850796
27 37 19.731908169257224
27 36 20.292841102221246
28 38 19.628278070172126
30 39 20.600956288483307
34 612 164.2414408728808
37 43 20.600956288483307
38 57 26.812553030250587
39 45 17.740062006656007
40 48 18.064163418215642
40 618 382.232344131158
41 50 18.39224021156749
41 609 247.0107483491356
42 53 18.064163418215642
42 605 81.26416799549477
43 56 17.740062006656007
44 59 16.539313770528693
44 58 17.3756409953705
45 60 16.590976463125962
46 61 16.656905474907386
46 60 17.241908247058966
47 62 16.722012438698865
47 61 17.180026193228002
48 63 16.785651610825216
49 64 16.844559952696876
49 63 17.051275612105968
50 65 16.91664269292225
51 66 16.981946295993275
51 65 16.91664269292225
52 67 17.051275612105968
52 66 16.844559952696876
53 68 17.10801274257183
54 69 17.180026193228002
54 68 16.722012438698865
55 70 17.241908247058966
55 69 16.656905474907386
56 71 17.3094685071495
57 72 17.3756409953705
59 74 18.860095439843356
62 77 19.15215392586433
64 79 19.34263942692414
67 81 19.248597351495516
70 84 18.960379743032583
71 85 18.860095439843356
72 86 18.765407003313307
73 88 18.309107023555246
73 87 18.321309996831562
74 89 18.30006830588345
75 90 18.311231526033424
75 89 18.32442359257176
76 91 18.308779314853307
76 90 18.323539505237516
77 92 18.31499112748897
78 93 18.314262201901563
78 92 18.32048580141913
79 94 18.322254228123782
80 95 18.308653691628997
80 94 18.322254228123782
81 96 18.32048580141913
82 97 18.315703644686984
82 96 18.31499112748897
83 98 18.323539505237516
83 97 18.308779314853307
84 99 18.32442359257176
85 100 18.32847238588093
86 101 18.321309996831562
88 102 20.07384616858464
91 105 20.427638140519324
93 107 20.66766072878108
95 110 20.66766072878108
98 113 20.303164777935482
99 114 20.192394607871528
100 115 20.07384616858464
101 130 23.368108609812673
102 117 20.064795040069573
103 118 20.117378059777074
104 119 20.15921625460674
104 118 20.603225475638524
105 604 19.87869462515081
106 121 20.255283261411087
106 120 20.50253642845198
107 122 20.305922781297102
108 123 20.35472672378581
108 122 20.400549012220242
109 124 20.400549012220242
109 123 20.35472672378581
110 125 20.4606940253746
111 126 20.50253642845198
111 125 20.255283261411087
112 605 19.87869462515081
112 126 20.209943097396383
113 127 20.15921625460674
114 128 20.117378059777074
115 129 20.064795040069573
116 598 19.586873155253745
117 602 20.332518289675775
119 134 24.619427288220997
120 611 219.1475210902464
121 137 24.282668716597033
124 142 26.575071025304897
127 146 24.619427288220997
128 603 22.77555048730986
129 599 22.741934834134053
130 601 24.90757515295295
131 151 18.951569855819326
131 602 16.76160493508899
132 152 19.050997349220342
132 621 288.64673945845993
133 153 19.13773758833576
133 619 231.67716331136307
134 154 19.230020800820782
135 155 19.319679086361656
135 604 19.91877757293353
136 156 19.417777936725933
136 610 62.5928789879488
137 157 19.519016368659567
138 158 19.60764391761538
138 157 19.994051615418023
139 159 19.70101520226812
139 158 19.890832059016528
140 160 19.793839950853396
140 159 19.793839950853396
141 161 19.890832059016528
141 160 19.70101520226812
142 162 19.994051615418023
143 163 20.082691552677893
143 162 19.519016368659567
144 164 20.185413050022035
144 163 19.417777936725933
145 165 20.28241849484425
145 164 19.319679086361656
146 166 20.38064032360121
147 167 20.48516536423372
147 166 19.13773758833576
148 168 20.582487701927572
148 167 19.050997349220342
149 169 20.68267149088821
149 168 18.951569855819326
150 171 19.749848100681678
150 606 46.966603028109255
151 172 19.817731959031025
152 173 19.887408076468873
153 174 19.96684501868033
154 175 20.03912672747991
155 176 20.115198234171107
156 177 20.186272563304
161 181 20.341292977586242
165 185 20.03912672747991
169 189 19.749848100681678
170 191 19.92747098856249
170 600 33.05665439816922
171 192 19.93619070936071
172 193 19.947042387281403
173 194 19.955132171950176
174 195 19.96862038299093
175 196 19.973622605826915
176 197 19.972613749832547
177 198 19.991590732105326
178 199 19.98512446796365
178 198 20.017285030692832
179 200 20.000359996760082
179 199 20.014906944575102
180 201 20.009810094051375
180 200 20.009810094051375
181 202 20.014906944575102
182 203 20.017285030692832
182 202 19.98512446796365
183 204 20.021880531059022
183 203 19.991590732105326
184 205 20.03662895798591
184 204 19.972613749832547
185 206 20.04154934130594
186 207 20.050900229166782
186 206 19.96862038299093
187 208 20.049231905487048
187 207 19.955132171950176
188 209 20.06282632133369
188 208 19.947042387281403
189 210 20.071903248072907
190 607 29.361323199065822
190 210 19.92747098856249
191 608 20.420061214403848
192 212 33.28245333505328
193 214 33.77953226437571
194 215 32.46684462648009
195 216 33.04128478131563
196 218 34.12392269361776
197 610 20.342607994060153
201 612 20.52183714972905
205 229 34.12392269361776
209 609 23.898964412710423
211 606 23.752801939981733
211 608 21.942554545904628
212 237 18.596687877146287
213 238 18.801864269268606
213 617 174.29212489381158
214 239 19.00037104900848
215 240 19.21318557657734
216 241 19.4281651218019
217 242 19.666003661140707
217 243 23.175497837155532
218 243 19.89976884287857
219 244 20.13841354228285
219 245 22.56951040674123
220 245 20.37822612495993
220 246 22.28277361550845
221 246 20.633373451764964
221 247 21.991361940543808
222 247 20.896155148734902
222 248 21.71096727462874
223 248 21.157497489069925
223 249 21.4362706644603
224 250 21.157497489069925
224 596 459.0692476086805
225 251 20.896155148734902
225 250 21.71096727462874
226 252 20.633373451764964
226 251 21.991361940543808
227 253 20.37822612495993
227 252 22.28277361550845
228 254 20.13841354228285
228 253 22.56951040674123
229 255 19.89976884287857
230 256 19.666003661140707
230 255 23.175497837155532
231 257 19.4281651218019
231 256 23.47129523481818
232 258 19.21318557657734
232 603 105.98659254830302
233 259 19.00037104900848
234 260 18.801864269268606
234 601 107.94478681251819
235 261 18.596687877146287
235 236 26.22042143063301
236 599 89.95743437871047
237 262 23.406264118820875
238 263 23.420691706266936
239 264 23.44604230995076
240 265 23.48362195233097
241 266 23.508066700603013
242 267 23.530937082912793
244 269 23.583844046295734
249 274 23.71674513924705
254 280 23.583844046295734
257 283 23.508066700603013
258 284 23.48362195233097
259 285 23.44604230995076
260 286 23.420691706266936
261 287 23.406264118820875
262 288 24.28343056489342
263 289 24.252426682705387
264 290 24.23210473731078
265 291 24.194367113028623
266 292 24.174188714411923
267 293 24.149792959775006
268 294 24.119711855658654
268 293 23.765708489333946
269 295 24.084073575705574
270 296 24.056435729342766
270 295 23.815257714330926
271 297 24.035390573069545
271 296 23.849935010393637
272 298 24.004553734656266
272 297 23.87443193041461
273 299 23.97723086596945
273 298 23.90034518579175
274 300 23.948004092199444
275 301 23.9262408246678
275 590 409.3173322741172
276 302 23.90034518579175
276 301 23.97723086596945
277 303 23.87443193041461
277 302 24.004553734656266
278 304 23.849935010393637
278 303 24.035390573069545
279 305 23.815257714330926
279 304 24.056435729342766
280 306 23.792120544415546
281 307 23.765708489333946
281 306 24.119711855658654
282 308 23.734112580840254
282 307 24.149792959775006
283 309 23.707705498423923
284 310 23.683903816727504
285 311 23.662892891614042
286 312 23.6335460733255
287 336 50.79277310799244
288 313 26.517797796951392
289 314 26.543537819966648
290 315 26.571987129305942
291 316 26.6020544319419
292 317 26.625281219172148
294 319 26.678824936642147
299 324 26.838116550905752
300 325 26.86000744601535
305 329 26.71855160745059
308 332 26.625281219172148
309 333 26.6020544319419
310 334 26.571987129305942
311 335 26.543537819966648
312 359 54.08108079541312
313 337 27.60672562981711
314 338 27.607812300144325
315 339 27.611349115897994
316 340 27.609161522943786
317 341 27.613395300107484
318 342 27.613715794872668
318 341 27.636949904068665
319 343 27.62109700935138
320 344 27.610007243751312
320 595 447.72847541785865
321 345 27.61845759632495
321 344 27.631054992526057
322 346 27.616969420991857
322 345 27.632922393406016
323 347 27.619936640043207
323 346 27.62714064104356
324 348 27.61817517505456
325 349 27.619623458693276
326 349 27.619936640043207
326 350 27.62714064104356
327 350 27.616969420991857
327 351 27.632922393406016
328 351 27.61845759632495
328 352 27.631054992526057
329 352 27.610007243751312
330 353 27.62109700935138
330 354 27.635354168166558
331 354 27.613715794872668
331 355 27.636949904068665
332 355 27.613395300107484
333 356 27.609161522943786
334 357 27.611349115897994
335 358 27.607812300144325
336 614 56.88726571035034
337 613 29.28276797025855
338 615 29.18164491593989
339 362 50.03051568792787
340 363 48.425059628254445
342 617 32.358433212997184
343 619 26.768274131889815
347 623 31.42454136499051
348 624 23.702021010875843
353 620 26.768274131889815
356 385 48.425059628254445
357 616 32.113498719385916
358 388 48.439921552372496
359 387 76.25809989765018
360 361 27.473545457403187
360 389 27.59719188613218
361 390 27.61753428530508
362 391 27.6095001765697
363 364 27.486420283478157
364 365 27.475814819582727
365 366 27.48372063604196
366 367 27.473205127906017
367 368 27.474615556909967
368 369 27.482394364392636
369 370 27.4806841253998
370 371 27.47907567586653
371 372 27.47673925341215
372 373 27.473980417842622
373 374 27.48253627305893
374 375 27.48253627305893
375 376 27.473980417842622
376 377 27.47673925341215
377 378 27.47907567586653
378 379 27.4806841253998
379 380 27.482394364392636
380 381 27.474615556909967
381 382 27.473205127906017
382 383 27.48372063604196
383 618 24.67150988488542
384 412 27.633581020200747
384 518 145.47079878793542
385 386 27.46797771951913
386 414 27.6095001765697
387 415 27.61753428530508
388 416 27.59719188613218
389 613 56.87477472482857
390 418 33.67048707696401
391 392 28.94730730137086
392 393 28.9361953269603
393 394 28.940989962335436
394 395 28.93781781682927
395 396 28.93809254252946
396 397 28.945992814204857
397 398 28.936269628271024
398 399 28.941820951695487
399 400 28.940181409244836
400 401 28.933691434035858
401 402 28.943560596443554
402 403 28.94
403 404 28.943560596443554
404 405 28.933691434035858
405 406 28.940181409244836
406 407 28.941820951695487
407 408 28.936269628271024
408 409 28.945992814204857
409 410 28.93809254252946
410 411 28.93781781682927
411 438 33.70799460068785
412 413 28.9361953269603
413 440 33.685753665310784
414 441 33.68653291747309
415 442 33.67048707696401
416 443 33.66727342687553
417 444 28.85158227896695
417 615 77.83394182488766
418 445 28.888594635253515
419 446 28.916647454364416
419 445 29.74258226852535
420 447 28.958302781758473
420 446 29.706245134651436
421 448 28.995028884276017
421 447 29.66443156374318
422 449 29.026100323674214
422 448 29.620102970786593
423 450 29.06217472936255
423 449 29.589080756251985
424 451 29.10310120932128
424 450 29.549747883865265
425 452 29.147495604253923
425 451 29.51384251499625
426 453 29.173901007578618
426 452 29.482062343058693
427 454 29.211562779146252
427 453 29.4319078552512
428 455 29.25704188738159
428 454 29.399540812740653
429 456 29.28344583548873
429 455 29.368261780364204
430 457 29.324368705907418
430 456 29.324368705907418
431 458 29.368261780364204
431 457 29.28344583548873
432 459 29.399540812740653
432 458 29.25704188738159
433 460 29.4319078552512
433 459 29.211562779146252
434 461 29.482062343058693
434 460 29.173901007578618
435 462 29.51384251499625
435 461 29.147495604253923
436 463 29.549747883865265
436 462 29.10310120932128
437 464 29.589080756251985
437 463 29.06217472936255
438 465 29.620102970786593
439 466 29.66443156374318
439 465 28.995028884276017
440 467 29.706245134651436
441 468 29.74258226852535
442 469 29.785998388504627
443 494 62.83031831846791
444 470 33.98888789001491
464 490 33.081030818280105
466 492 32.99560728339455
467 493 32.94726999312685
468 518 58.556451395213514
469 517 90.18435396453205
470 495 34.00065440546694
471 496 34.02105524524486
471 472 34.04047590736651
472 473 34.043773292630156
473 474 34.04515237151981
474 594 374.4933230379415
475 476 34.050769447987534
475 499 34.54135058158558
476 477 34.04787805429288
477 478 34.04656223468092
478 479 34.04782665604372
479 480 34.04181252518732
480 481 34.05140378897762
481 482 34.04588815114095
482 483 34.04588815114095
483 484 34.05140378897762
484 485 34.04181252518732
485 486 34.04782665604372
486 487 34.04656223468092
487 488 34.04787805429288
488 489 34.050769447987534
489 513 34.13239223963064
490 491 34.04515237151981
491 515 34.08179719439688
492 516 34.05043318373495
493 541 63.09085908433966
494 540 97.99922091527048
495 519 40.487175747389465
496 497 35.89962952455078
497 498 35.90942216187837
498 499 35.89894845256613
500 501 35.900832859419864
500 592 253.7240983824753
501 502 35.90041921760803
502 503 35.90015598851903
503 504 35.90691437592489
504 505 35.895772731618415
505 506 35.906847536368325
506 507 35.9
507 508 35.906847536368325
508 509 35.895772731618415
509 510 35.90691437592489
510 511 35.90015598851903
511 512 35.90041921760803
512 536 37.10408198567919
513 514 35.90072004848927
514 538 36.76963013140053
515 539 36.60643932425007
516 561 68.26391213518309
517 560 108.59142691759789
519 520 37.532239474883404
520 521 37.5273886648139
521 542 36.24141415563139
522 543 36.483377036672465
522 542 61.33123266330132
523 544 36.757988247454435
523 562 73.97209541441958
524 545 37.02471877003249
524 591 188.4684514713271
525 546 37.32863378158916
525 579 103.83494016948251
526 527 37.522469268426356
526 547 37.623637516858984
527 528 37.534637336732054
528 529 37.533405121304945
529 530 37.52701693447002
530 531 37.52701693447002
531 532 37.533405121304945
532 533 37.534637336732054
533 534 37.522469268426356
534 535 37.53062882500107
535 557 37.32863378158916
536 558 37.02471877003249
537 559 36.757988247454435
537 538 37.53288291618432
539 578 80.71556479391067
540 577 140.62852235588636
541 576 212.16781494845063
543 562 38.322998316937515
544 563 38.265841164150665
545 564 38.209309075145576
546 565 38.15485552324899
547 564 67.30939458946274
548 566 37.68210450598529
548 567 38.05394197714607
549 567 37.74373060522765
549 568 38.00209731054326
550 568 37.79135483149558
550 569 37.93850945938704
551 569 37.84817036528972
551 570 37.89443230871783
552 571 37.84817036528972
552 577 258.4193361573394
553 572 37.79135483149558
553 571 37.93850945938704
554 573 37.74373060522765
554 572 38.00209731054326
555 574 37.68210450598529
555 560 193.55481807488027
556 575 37.636797153849336
556 557 38.855518269610045
558 590 79.91365653003253
559 589 140.37899023714346
561 588 253.28396810694517
563 579 72.00864392557324
565 580 41.74266402614958
566 581 41.7758710262276
570 587 110.5095878193381
573 587 41.80381083107132
574 597 84.74881297103813
575 596 147.37086414892187
576 586 190.56770161808637
578 622 298.7260450647047
580 591 75.27614495974136
581 582 42.861984321773974
582 583 42.86848959317323
583 584 42.86472909047717
584 585 42.86
585 594 43.23479385865043
586 595 43.15284115791219
588 593 200.86457776322834
589 592 286.7162639265516
593 621 346.7316772376011
597 611 482.22575511890693
598 600 19.62827807017214
