0 1 85.4458220160588
1 11 16.92744517049162
1 10 17.480174484255013
2 12 16.992056967889436
2 11 17.406599323245192
3 13 17.064363451356744
3 12 17.34467641669916
4 14 17.13717012811625
4 13 17.26991893437835
5 6 21.982922917573994
5 14 17.204014066490412
6 15 17.13717012811625
6 7 21.973770727847324
7 16 17.064363451356744
7 8 21.98201537621153
8 17 16.992056967889436
8 9 21.980439031102176
9 19 17.480174484255013
9 18 16.92744517049162
10 20 18.238738991498288
11 21 18.26280372779602
12 22 18.275111490767994
13 23 18.2914460882676
14 24 18.3117475954645
16 25 18.2914460882676
17 26 18.275111490767994
18 27 18.26280372779602
