0 27 110.34722153275995
1 11 16.92744517049162
1 10 17.480174484255013
2 12 16.992056967889436
2 11 17.406599323245192
3 13 17.064363451356744
3 12 17.34467641669916
4 14 17.13717012811625
4 13 17.26991893437835
5 14 17.204014066490412
5 15 17.204014066490412
6 15 17.13717012811625
6 16 17.26991893437835
7 16 17.064363451356744
7 17 17.34467641669916
8 17 16.992056967889436
8 18 17.406599323245192
9 18 16.92744517049162
9 19 17.480174484255013
10 20 18.238738991498288
11 21 18.26280372779602
12 22 18.275111490767994
13 23 18.2914460882676
14 24 18.3117475954645
24 25 28.529637221668274
25 26 28.531253039430283
26 27 28.524305425373647
