0 26 110.34628086165841
0 27 110.34722153275995
1 11 16.92744517049162
1 10 17.480174484255013
2 12 16.992056967889436
2 11 17.406599323245192
3 13 17.064363451356744
3 12 17.34467641669916
4 14 17.13717012811625
4 13 17.26991893437835
5 15 17.204014066490412
5 14 17.204014066490412
6 16 17.26991893437835
6 15 17.13717012811625
7 17 17.34467641669916
7 16 17.064363451356744
8 18 17.406599323245192
8 17 16.992056967889436
9 19 17.480174484255013
9 18 16.92744517049162
10 20 18.238738991498288
19 27 41.94764951698724
21 22 28.524305425373647
22 23 28.531253039430283
23 24 28.529637221668274
24 25 28.529637221668274
25 26 28.531253039430283
