0 1 85.4458220160588
0 2 85.45251780959997
0 3 85.44923288128454
0 4 85.44767053583146
0 5 85.45
0 6 85.44767053583146
0 7 85.44923288128454
0 8 85.45251780959997
0 9 85.4458220160588
0 10 97.92834114800475
0 11 97.92487784010761
0 12 97.92883334340299
0 13 97.92960175554683
0 14 97.93045797911904
0 15 97.93045797911904
0 16 97.92960175554683
0 17 97.92883334340299
0 18 97.92487784010761
0 19 97.92834114800475
0 20 110.34808380755871
0 21 110.34722153275995
0 22 110.34628086165841
0 23 110.34799363830771
0 24 110.35
0 25 110.34799363830771
0 26 110.34628086165841
0 29 123.51705671687616
0 30 123.52451780921876
0 31 123.51622929801573
0 32 123.51809341145128
0 39 136.15109731471134
1 45 65.01726078511768
2 46 64.34716621577053
3 47 65.11871313224793
4 44 114.57697892683329
5 41 50.7
6 40 95.78782908073448
7 35 40.29207862595327
8 34 75.40868186091042
9 33 118.93136592169452
10 59 64.21090250105507
11 58 73.0120572234477
12 48 58.0623337457254
13 49 54.184885346376824
14 50 52.13069920881554
15 51 52.13069920881554
16 42 40.88890436291979
17 36 25.588538449860717
18 37 25.601753846172347
19 28 18.238738991498288
20 60 54.734270799929355
21 62 60.42684999236679
22 63 54.80082116173077
23 64 51.10452426155633
24 52 51.566068300773146
25 53 45.24524394895005
26 54 40.96219842733053
27 55 39.45140428425837
27 101 95.49968167486213
28 38 19.628278070172126
29 73 49.81515030590593
30 61 47.085847130533814
31 76 49.900414827935045
32 78 52.926675693831356
33 65 40.88812663842646
34 66 37.16311343254222
35 67 37.086662022889016
36 68 40.67890362337706
37 56 27.017742318706052
38 43 21.32320801380506
39 74 38.599835491877414
40 77 38.948706011881825
41 79 39.31469063848779
42 69 35.61283616899951
43 57 19.072540470529876
44 88 35.57442901860829
45 75 35.55126580024964
46 90 35.73524030981183
47 91 35.82147540233373
48 92 35.901253460011645
49 93 35.97933434626049
50 94 36.07310355375593
51 80 23.32744735285024
52 81 23.32954564495415
53 82 23.336257197759874
54 83 23.352278261445928
55 70 17.241908247058966
56 71 17.3094685071495
57 72 17.3756409953705
58 87 22.7787027725461
59 103 38.712562560491904
60 89 22.76551119566615
61 104 38.712116966138645
62 105 38.71476204240445
63 106 38.71056186624007
64 108 38.72196792519719
65 109 38.717661344662844
66 95 22.755124697526945
67 96 22.762163781152267
68 97 22.764753457922637
69 84 19.83681678092531
70 99 22.76551119566615
71 85 18.860095439843356
72 86 18.765407003313307
73 102 22.602674620495684
74 117 36.750262584095914
75 118 36.7903519961416
76 119 36.832643130788206
77 120 36.87256432633891
78 107 22.585269535695158
79 122 36.95697092565894
80 124 36.95697092565894
81 110 22.585269535695158
82 111 22.581301999663335
83 98 18.323539505237516
84 113 22.59059317503636
85 100 18.32847238588093
86 101 18.321309996831562
87 116 23.368108609812673
88 131 48.08569433833727
89 132 47.845679010752875
90 134 47.7744251666098
91 135 48.1771252774592
92 121 23.360089897087295
93 138 48.636555182290614
94 123 23.360000000000014
95 141 49.2038067632983
96 125 23.360089897087295
97 112 20.427638140519324
98 127 23.363700477450042
99 114 20.192394607871528
100 115 20.07384616858464
102 150 50.79446623402988
103 133 49.79014460714089
104 152 51.37829600132728
105 136 48.26222643020106
106 137 40.36208740885437
107 139 46.787494055570036
108 140 39.303254318185914
109 142 45.371577005874514
110 143 38.34237342679768
111 126 20.50253642845198
112 145 36.07821780520759
113 128 20.603225475638524
114 129 20.647975687703624
115 130 20.696714715142605
116 598 19.586873155253745
117 151 43.03528436062668
118 153 49.222395309452374
119 604 18.254777456874123
120 156 48.00772021248248
121 157 41.45023039742964
122 158 38.76804998964997
123 160 40.76677078209653
124 161 38.76804998964997
125 144 32.73055147717496
126 164 38.86923719344127
127 605 18.254777456874123
128 147 30.181663307379207
129 149 25.176904098796584
130 599 19.586873155253745
131 602 16.76160493508899
132 172 29.312749785716118
133 154 41.75828540541385
134 174 29.28101432669297
135 175 29.268155049473144
136 176 29.263316626794047
137 177 29.254806442702712
138 178 29.254750041659907
139 159 19.70101520226812
140 180 29.24000000000001
141 181 29.243833538029833
142 162 19.994051615418023
143 163 20.082691552677893
144 184 29.263316626794047
145 165 20.28241849484425
146 166 20.38064032360121
146 605 19.17817770279544
147 167 20.48516536423372
148 168 20.582487701927572
148 603 19.365644838218003
149 603 16.76160493508899
150 191 27.853157810201694
151 192 27.85150803816556
152 173 19.887408076468873
153 194 27.84622954728344
154 195 27.84403167646525
155 196 27.838155470504873
155 604 39.22317809663056
156 197 27.833478043536
157 198 27.826807218939063
158 179 20.341292977586242
159 200 27.837762122699466
160 201 27.837762122699466
161 182 20.5716431040401
162 183 20.645554000801237
163 204 27.833478043536
164 185 20.80228112491512
165 186 20.88268421443949
166 187 20.961612533390657
167 188 21.035360705250564
168 189 21.111712389098166
169 190 21.192925706471016
169 601 33.33000000000001
170 211 48.38899978300853
170 600 33.05665439816922
171 212 46.39538123563593
171 602 44.28814965653905
172 193 19.947042387281403
173 214 46.10039587682519
174 215 47.838764616156226
175 218 52.61064245948724
176 219 49.24439968158813
177 220 46.89664593550376
178 199 19.98512446796365
179 222 45.82440070530111
180 224 47.18772086041027
181 202 20.014906944575102
182 203 20.017285030692832
183 227 46.89664593550376
184 205 20.03662895798591
185 206 20.04154934130594
186 231 46.634927897446154
187 207 19.955132171950176
188 208 19.947042387281403
189 209 19.93619070936071
190 210 19.92747098856249
191 608 20.420061214403848
192 213 36.76173146085478
193 239 49.13180741637741
194 216 41.79080879810774
195 217 37.32490455446603
196 243 49.11878764790518
197 610 20.342607994060153
198 221 37.933428529464656
199 223 48.881968045486865
200 612 20.52183714972905
201 225 38.55489203719806
202 226 34.94143815013917
203 228 44.11058829804925
204 611 20.342607994060153
205 230 35.38841900961387
206 232 44.913472366317876
207 233 39.882660392706995
208 234 35.881861713127435
209 235 33.28245333505328
210 609 20.420061214403848
211 606 23.752801939981733
212 262 41.821224276675615
213 240 47.3226003089433
214 241 46.92616434357277
215 242 46.50386005483843
216 267 36.03060504626588
217 244 45.6975152497376
218 269 35.953176493878786
219 245 22.56951040674123
220 247 44.48225376484424
221 272 35.85852339402722
222 273 35.84520191043709
223 249 21.4362706644603
224 250 21.157497489069925
225 251 20.896155148734902
226 252 20.633373451764964
227 253 20.37822612495993
228 254 20.13841354228285
229 255 19.89976884287857
229 611 42.27339588914048
230 256 19.666003661140707
231 257 19.4281651218019
232 258 19.21318557657734
233 259 19.00037104900848
234 260 18.801864269268606
235 261 18.596687877146287
236 607 23.752801939981733
236 609 21.942554545904628
237 263 24.041998668995884
237 606 48.783936905501996
238 264 24.006434554094056
238 608 44.97064931708234
239 265 23.995776711746597
240 266 23.966793694610036
241 292 38.02095474866458
242 268 23.91122330622173
243 294 38.01949105393178
244 270 23.858922859173674
245 271 23.830954659853646
246 297 38.01505622776324
246 610 44.46172511273038
247 298 38.01071033274701
248 274 23.748351521737245
248 612 44.20549513352385
249 275 23.71674513924705
250 276 23.690310255461014
251 277 23.664819880996344
252 278 23.63866535995635
253 279 23.616360854289137
254 280 23.583844046295734
255 281 23.557219700125877
256 282 23.530937082912793
257 283 23.508066700603013
258 284 23.48362195233097
259 285 23.44604230995076
260 286 23.420691706266936
261 287 23.406264118820875
262 288 24.28343056489342
263 289 24.252426682705387
264 290 24.23210473731078
265 291 24.194367113028623
266 316 40.681506855081
267 293 24.149792959775006
268 318 40.682582268091075
269 295 24.084073575705574
270 296 24.056435729342766
271 321 40.68401283059479
272 322 40.682168083817785
273 299 23.97723086596945
274 300 23.948004092199444
275 301 23.9262408246678
276 302 23.90034518579175
277 303 23.87443193041461
278 304 23.849935010393637
279 305 23.815257714330926
280 306 23.792120544415546
281 307 23.765708489333946
282 308 23.734112580840254
283 309 23.707705498423923
284 310 23.683903816727504
285 311 23.662892891614042
286 312 23.6335460733255
288 313 26.517797796951392
289 314 26.543537819966648
290 315 26.571987129305942
291 339 43.94507936049267
292 317 26.625281219172148
293 341 43.94027309883271
294 319 26.678824936642147
295 320 26.71855160745059
296 344 43.93631413762423
297 345 43.938280576281095
298 323 26.802300274416744
299 324 26.838116550905752
301 325 26.838116550905752
302 326 26.802300274416744
303 327 26.766488376326105
304 328 26.743457143757624
305 329 26.71855160745059
306 330 26.678824936642147
307 331 26.653964057903277
308 332 26.625281219172148
309 333 26.6020544319419
310 334 26.571987129305942
311 335 26.543537819966648
312 336 26.517797796951392
313 337 27.60672562981711
314 338 27.607812300144325
315 361 70.60863474108527
316 340 27.609161522943786
317 363 71.99417337535031
318 342 27.613715794872668
319 343 27.62109700935138
320 368 70.7196076063775
321 369 70.54096398547442
322 346 27.616969420991857
323 347 27.619936640043207
324 348 27.61817517505456
325 349 27.619623458693276
326 350 27.62714064104356
327 351 27.632922393406016
328 379 70.54096398547442
329 352 27.610007243751312
330 353 27.62109700935138
331 354 27.613715794872668
332 355 27.613395300107484
333 356 27.609161522943786
334 357 27.611349115897994
335 358 27.607812300144325
336 359 27.60672562981711
337 360 58.56268863363429
338 362 68.78147206915534
339 390 72.17809709323183
340 364 56.25188796831622
341 365 51.82772327625439
342 367 59.42123273712862
343 619 26.768274131889815
344 370 62.97202235913981
345 371 57.03458599832208
346 373 66.82289577682188
347 374 60.305638210701304
348 623 23.702021010875843
349 377 63.93470575516866
350 378 57.84154389364102
351 380 67.86313284840305
352 381 61.21097368936392
353 620 26.768274131889815
354 383 51.373896095196045
355 384 48.88623630430146
356 386 53.611500631860665
357 387 50.08142669693025
360 613 29.27992144798205
361 615 24.580685507121203
362 392 48.41774158301895
363 393 48.43688780258285
364 394 48.43879540203287
365 617 24.67150988488542
366 396 48.453496261879835
366 617 39.806975519373445
367 397 48.478087833576915
368 398 48.49030006094
369 399 48.49813398472151
370 400 48.50899401142018
371 621 27.968074656650884
372 401 27.67845732695375
372 621 45.9152480119622
373 402 27.69119896284737
374 403 27.69991516232496
375 404 27.700689522103957
375 624 31.17971135209561
376 406 48.573130432369716
376 403 48.53073356132173
377 622 27.968074656650884
378 408 48.59619017988963
379 409 48.60805900259751
380 410 48.62059028847755
381 411 48.62991877435125
382 412 48.650073997888214
382 620 51.55685793374147
383 618 24.67150988488542
384 413 27.763706524886025
385 414 27.764922114063253
385 618 54.25629272259581
386 415 27.77533438142559
387 616 24.580685507121203
388 614 29.27992144798205
388 616 30.05158232106922
389 417 33.66727342687553
389 613 56.87477472482857
390 418 33.67048707696401
391 419 33.68653291747309
391 615 68.01533944633374
392 420 33.685753665310784
393 421 33.688315481780926
394 422 33.70799460068785
395 423 33.71327631660854
395 619 59.45908256944434
396 424 33.72503224609281
397 425 33.72246284007142
398 426 33.73786152084928
399 427 33.74483664207015
400 428 33.74470773321349
401 429 33.76129884942223
402 430 33.76745474565709
404 405 28.933691434035858
405 432 33.74470773321349
406 433 33.74483664207015
407 434 33.73786152084928
407 622 57.39015246538378
408 435 33.72246284007142
409 436 33.72503224609281
410 437 33.71327631660854
411 438 33.70799460068785
412 439 33.688315481780926
413 440 33.685753665310784
414 441 33.68653291747309
415 416 28.942261487312944
416 443 33.66727342687553
417 444 28.85158227896695
418 445 28.888594635253515
419 446 28.916647454364416
420 447 28.958302781758473
421 448 28.995028884276017
422 449 29.026100323674214
423 450 29.06217472936255
424 451 29.10310120932128
425 452 29.147495604253923
426 453 29.173901007578618
427 454 29.211562779146252
428 455 29.25704188738159
429 456 29.28344583548873
430 431 30.794350131152306
431 457 29.28344583548873
432 458 29.25704188738159
433 459 29.211562779146252
434 460 29.173901007578618
435 461 29.147495604253923
436 462 29.10310120932128
437 463 29.06217472936255
438 464 29.026100323674214
439 465 28.995028884276017
440 466 28.958302781758473
441 467 28.916647454364416
442 468 28.888594635253515
442 469 29.785998388504627
443 469 28.85158227896695
444 470 33.98888789001491
445 471 33.945551991387624
446 472 33.89849849182116
447 473 33.84809004951385
448 474 33.80275136730734
449 475 33.76389343662838
450 476 33.71036190846963
451 477 33.66927679650987
452 478 33.619818559891115
453 479 33.57811489646204
454 480 33.52457307707286
455 481 33.47860510833752
456 482 33.44045005678003
457 483 33.386134846669535
458 484 33.34339064942259
459 485 33.30309294945441
460 486 33.26235860548681
461 487 33.208267043012015
462 488 33.16165556783921
463 489 33.12863715880868
464 490 33.081030818280105
465 491 33.044382275963336
466 492 32.99560728339455
467 493 32.94726999312685
468 494 32.90064589031652
470 495 34.00065440546694
471 496 34.02105524524486
472 497 34.05043318373495
473 498 34.08179719439688
474 499 34.115946418060915
475 500 34.13239223963064
476 501 34.16913373206876
477 502 34.18851854058614
478 503 34.216984086853664
479 504 34.245423051847375
480 505 34.27697332029189
481 506 34.31125908502917
483 507 34.31125908502917
484 508 34.27697332029189
485 509 34.245423051847375
486 510 34.216984086853664
487 511 34.18851854058614
488 512 34.16913373206876
489 513 34.13239223963064
490 514 34.115946418060915
491 515 34.08179719439688
492 516 34.05043318373495
493 517 34.02105524524486
494 518 34.00065440546694
496 519 36.283942729532555
497 520 36.4458625909718
498 522 39.83013934196065
499 523 39.608133003210305
500 524 39.40848258941222
501 525 39.19034830159077
502 526 38.98881891004143
503 527 38.78843255404899
504 528 38.589939103346616
505 529 38.40165100617418
506 530 38.20001178010292
507 531 38.009231773346876
508 532 37.82250784916303
509 533 37.64400085006906
510 534 37.448230932849214
511 535 37.273187414011154
512 536 37.10408198567919
513 537 36.93216619696173
514 538 36.76963013140053
515 539 36.60643932425007
516 540 36.4458625909718
517 541 36.283942729532555
520 521 37.5273886648139
521 542 36.24141415563139
522 543 36.483377036672465
523 544 36.757988247454435
524 545 37.02471877003249
525 546 37.32863378158916
526 547 37.623637516858984
527 548 37.92545319439176
528 549 38.24423747442222
529 550 38.57758027663213
530 551 38.91239905223015
531 553 38.57758027663213
532 554 38.24423747442222
533 555 37.92545319439176
534 556 37.623637516858984
535 557 37.32863378158916
536 558 37.02471877003249
537 559 36.757988247454435
538 560 36.483377036672465
539 561 36.24141415563139
543 562 38.322998316937515
544 563 38.265841164150665
545 564 38.209309075145576
546 565 38.15485552324899
547 566 38.095083672306046
548 567 38.05394197714607
549 568 38.00209731054326
550 569 37.93850945938704
551 570 37.89443230871783
552 571 37.84817036528972
552 570 37.89443230871783
553 572 37.79135483149558
554 573 37.74373060522765
555 574 37.68210450598529
556 575 37.636797153849336
557 576 37.57771280958969
558 577 37.53933004197068
559 578 37.48562657873014
564 579 41.70964876380528
565 580 41.74266402614958
566 581 41.7758710262276
567 582 41.80381083107132
568 583 41.839467013813625
569 584 41.876105358545495
571 585 41.876105358545495
572 586 41.839467013813625
573 587 41.80381083107132
574 588 41.7758710262276
575 589 41.74266402614958
576 590 41.70964876380528
581 591 42.98677587351717
582 592 43.068478032082794
583 593 43.15284115791219
584 594 43.23479385865043
586 595 43.15284115791219
587 596 43.068478032082794
588 597 42.98677587351717
598 600 19.62827807017214
599 601 19.62827807017214
623 624 23.34
