0 1 85.4458220160588
0 2 85.45251780959997
0 3 85.44923288128454
0 4 85.44767053583146
0 5 85.45
0 6 85.44767053583146
0 7 85.44923288128454
0 8 85.45251780959997
0 9 85.4458220160588
0 10 97.92834114800475
0 11 97.92487784010761
0 12 97.92883334340299
0 13 97.92960175554683
0 14 97.93045797911904
0 15 97.93045797911904
0 16 97.92960175554683
0 17 97.92883334340299
0 18 97.92487784010761
0 19 97.92834114800475
0 20 110.34808380755871
0 21 110.34722153275995
0 22 110.34628086165841
0 23 110.34799363830771
0 24 110.35
0 25 110.34799363830771
0 26 110.34628086165841
0 27 110.34722153275995
0 28 110.34808380755871
0 29 123.51705671687616
0 30 123.52451780921876
0 31 123.51622929801573
0 32 123.51809341145128
0 33 123.51765096535797
0 34 123.51765096535797
0 35 123.51809341145128
0 36 123.51622929801573
0 37 123.52451780921876
0 38 123.51705671687616
0 39 136.15109731471134
0 40 136.14316068021927
0 41 136.15
0 42 136.14316068021927
0 43 136.15109731471134
0 44 149.79421918084822
0 45 149.80022730289832
0 46 149.79855339755454
0 47 149.79212062054532
0 48 149.7986602076267
0 49 149.7975196723898
0 50 149.7982109372472
0 51 149.7982109372472
0 52 149.7975196723898
0 53 149.7986602076267
0 54 149.79212062054532
0 55 149.79855339755454
0 56 149.80022730289832
0 57 149.79421918084822
0 58 160.1614797633938
0 59 160.16563926135967
0 60 160.15888361249273
0 61 160.1577487978649
0 62 160.15739664467574
0 63 160.1583020014885
0 64 160.15782747028007
0 65 160.16
0 66 160.15782747028007
0 67 160.1583020014885
0 68 160.15739664467574
0 69 160.1577487978649
0 70 160.15888361249273
0 71 160.16563926135967
0 72 160.1614797633938
0 73 173.13067694663474
0 74 173.12903164980736
0 75 173.12847714919693
0 76 173.13261535597502
0 77 173.1289141073784
0 78 173.12483935010596
0 79 173.1253979056799
0 80 173.1253979056799
0 81 173.12483935010596
0 82 173.1289141073784
0 83 173.13261535597502
0 84 173.12847714919693
0 85 173.12903164980736
0 86 173.13067694663474
0 87 182.92013147819458
0 88 182.9190654360556
0 89 182.914065342171
0 90 182.92134812536236
0 91 182.91853623949652
0 92 182.91887436784646
0 93 182.91257857238796
0 94 182.92
0 95 182.91257857238796
0 96 182.91887436784646
0 97 182.91853623949652
0 98 182.92134812536236
0 99 182.914065342171
0 100 182.9190654360556
0 101 182.92013147819458
0 102 195.71308847391887
0 103 195.71152265515693
0 104 195.70933779459784
0 105 195.71152061133245
0 106 195.7071958309147
0 107 195.70901358905266
0 108 195.71363084874798
0 109 195.71363084874798
0 110 195.70901358905266
0 111 195.7071958309147
0 112 195.71152061133245
0 113 195.70933779459784
0 114 195.71152265515693
0 115 195.71308847391887
0 116 206.27751646750065
0 117 206.2800353887889
0 118 206.27999321310827
0 119 206.28154570877152
0 120 206.27988195653012
0 121 206.27812777897708
0 122 206.27696066211564
0 123 206.28
0 124 206.27696066211564
0 125 206.27812777897708
0 126 206.27988195653012
0 127 206.28154570877152
0 128 206.27999321310827
0 129 206.2800353887889
0 130 206.27751646750065
0 131 230.45020308083915
0 132 230.4500468648249
0 133 230.44617332470506
0 134 230.44901062924964
0 135 230.4492137109606
0 136 230.44487627196224
0 137 230.44681208469777
0 138 230.44655627715508
0 139 230.44654130622138
0 140 230.45
0 141 230.44654130622138
0 142 230.44655627715508
0 143 230.44681208469777
0 144 230.44487627196224
0 145 230.4492137109606
0 146 230.44901062924964
0 147 230.44617332470506
0 148 230.4500468648249
0 149 230.45020308083915
0 150 245.03193995885516
0 151 245.03207402297357
0 152 245.03908749422
0 153 245.03064828710714
0 154 245.02912888062923
0 155 245.03114108210815
0 156 245.03002040566378
0 157 245.03893323306806
0 158 245.03195709947713
0 159 245.02891584464066
0 160 245.02891584464066
0 161 245.03195709947713
0 162 245.03893323306806
0 163 245.03002040566378
0 164 245.03114108210815
0 165 245.02912888062923
0 166 245.03064828710714
0 167 245.03908749422
0 168 245.03207402297357
0 169 245.03193995885516
0 170 259.69574678842935
0 171 259.69436439784363
0 172 259.69286628631136
0 173 259.69739813867983
0 174 259.6908941414774
0 175 259.68991393583235
0 176 259.69084408195835
0 177 259.69177287700126
0 178 259.6970329056534
0 179 259.68934710534427
0 180 259.69
0 181 259.68934710534427
0 182 259.6970329056534
0 183 259.69177287700126
0 184 259.69084408195835
0 185 259.68991393583235
0 186 259.6908941414774
0 187 259.69739813867983
0 188 259.69286628631136
0 189 259.69436439784363
0 190 259.69574678842935
0 191 272.86119621521857
0 192 272.86444290159903
0 193 272.8594731725472
0 194 272.86574592645377
0 195 272.8651822787217
0 196 272.863926893974
0 197 272.8602118301604
0 198 272.8641163656372
0 199 272.8607917968428
0 200 272.8666154002721
0 201 272.8666154002721
0 202 272.8607917968428
0 203 272.8641163656372
0 204 272.8602118301604
0 205 272.863926893974
0 206 272.8651822787217
0 207 272.86574592645377
0 208 272.8594731725472
0 209 272.86444290159903
0 210 272.86119621521857
0 211 305.2920912830858
0 212 305.29679412008244
0 213 305.2950960955646
0 214 305.2944305093036
0 215 305.29438268661283
0 216 305.3000655093281
0 217 305.29212567637575
0 218 305.2930521646374
0 219 305.2997458236741
0 220 305.30075679565556
0 221 305.30055126055703
0 222 305.2996582048529
0 223 305.30160906880263
0 224 305.30160906880263
0 225 305.2996582048529
0 226 305.30055126055703
0 227 305.30075679565556
0 228 305.2997458236741
0 229 305.2930521646374
0 230 305.29212567637575
0 231 305.3000655093281
0 232 305.29438268661283
0 233 305.2944305093036
0 234 305.2950960955646
0 235 305.29679412008244
0 236 305.2920912830858
0 237 321.9790696613679
0 238 321.98473504189604
0 239 321.97905335595976
0 240 321.97522389152863
0 241 321.97743088607933
0 242 321.9776689461553
0 243 321.97835222263006
0 244 321.9803554566645
0 245 321.97489840048087
0 246 321.97764472087187
0 247 321.9761397992093
0 248 321.97841200925257
0 249 321.98
0 250 321.97841200925257
0 251 321.9761397992093
0 252 321.97764472087187
0 253 321.97489840048087
0 254 321.9803554566645
0 255 321.97835222263006
0 256 321.9776689461553
0 257 321.97743088607933
0 258 321.97522389152863
0 259 321.97905335595976
0 260 321.98473504189604
0 261 321.9790696613679
0 262 341.1427638101093
0 263 341.14039455919027
0 264 341.1344229185909
0 265 341.14480517809443
0 266 341.14168903844046
0 267 341.13995734888636
0 268 341.14019009785403
0 269 341.143491803669
0 270 341.14476062223207
0 271 341.1399302339144
0 272 341.1378086638888
0 273 341.13726064445086
0 274 341.1432103970413
0 275 341.1432103970413
0 276 341.13726064445086
0 277 341.1378086638888
0 278 341.1399302339144
0 279 341.14476062223207
0 280 341.143491803669
0 281 341.14019009785403
0 282 341.13995734888636
0 283 341.14168903844046
0 284 341.14480517809443
0 285 341.1344229185909
0 286 341.14039455919027
0 287 341.1427638101093
0 288 359.99154559517086
0 289 359.99010125279835
0 290 359.9911387798316
0 291 359.98810827581514
0 292 359.991601290919
0 293 359.99257353451054
0 294 359.9940335616689
0 295 359.98745783707517
0 296 359.99089238479354
0 297 359.99176879478784
0 298 359.9864465504222
0 299 359.98659447262753
0 300 359.99
0 301 359.98659447262753
0 302 359.9864465504222
0 303 359.99176879478784
0 304 359.99089238479354
0 305 359.98745783707517
0 306 359.9940335616689
0 307 359.99257353451054
0 308 359.991601290919
0 309 359.98810827581514
0 310 359.9911387798316
0 311 359.99010125279835
0 312 359.99154559517086
0 313 381.82499145550963
0 314 381.8242050996767
0 315 381.82324248269646
0 316 381.82319075718806
0 317 381.82416398127555
0 318 381.82276935772177
0 319 381.8220487347476
0 320 381.82689742866467
0 321 381.8239412347005
0 322 381.8199765596347
0 323 381.82324313744965
0 324 381.8295825365028
0 325 381.8295825365028
0 326 381.82324313744965
0 327 381.8199765596347
0 328 381.8239412347005
0 329 381.82689742866467
0 330 381.8220487347476
0 331 381.82276935772177
0 332 381.82416398127555
0 333 381.82319075718806
0 334 381.82324248269646
0 335 381.8242050996767
0 336 381.82499145550963
0 337 403.93011895623727
0 338 403.92827147898424
0 339 403.93057237599635
0 340 403.92782721669477
0 341 403.9312627168142
0 342 403.9317176206889
0 343 403.9317299990185
0 344 403.9266791139204
0 345 403.9297539176831
0 346 403.9276441393929
0 347 403.9268766744793
0 348 403.93
0 349 403.9268766744793
0 350 403.9276441393929
0 351 403.9297539176831
0 352 403.9266791139204
0 353 403.9317299990185
0 354 403.9317176206889
0 355 403.9312627168142
0 356 403.92782721669477
0 357 403.93057237599635
0 358 403.92827147898424
0 359 403.93011895623727
0 360 452.2754276986536
0 361 452.2702103831292
0 362 452.2729505508814
0 363 452.2725877167441
0 364 452.27058770165456
0 365 452.2769683501472
0 366 452.2739262880406
0 367 452.27208381681044
0 368 452.2699022707569
0 369 452.27517033328286
0 370 452.2739909612314
0 371 452.27382026820874
0 372 452.2758588516526
0 373 452.27499875628763
0 374 452.27
0 375 452.27499875628763
0 376 452.2758588516526
0 377 452.27382026820874
0 378 452.2739909612314
0 379 452.27517033328286
0 380 452.2699022707569
0 381 452.27208381681044
0 382 452.2739262880406
0 383 452.2769683501472
0 384 452.27058770165456
0 385 452.2725877167441
0 386 452.2729505508814
0 387 452.2702103831292
0 388 452.2754276986536
0 389 476.1018614750419
0 390 476.1082206809708
0 391 476.1046188601829
0 392 476.1083760027753
0 393 476.1113690093947
0 394 476.103740796058
0 395 476.1087381050678
0 396 476.10157162101456
0 397 476.10608607746235
0 398 476.10527921878787
0 399 476.10663563953824
0 400 476.1078772715276
0 401 476.1085448718601
0 402 476.1099379345069
0 403 476.1099379345069
0 404 476.1085448718601
0 405 476.1078772715276
0 406 476.10663563953824
0 407 476.10527921878787
0 408 476.10608607746235
0 409 476.10157162101456
0 410 476.1087381050678
0 411 476.103740796058
0 412 476.1113690093947
0 413 476.1083760027753
0 414 476.1046188601829
0 415 476.1082206809708
0 416 476.1018614750419
0 417 506.3948060555124
0 418 506.3950032336417
0 419 506.3982764583624
0 420 506.39577970200344
0 421 506.3913037365472
0 422 506.3974965380457
0 423 506.39814504004653
0 424 506.39648902811325
0 425 506.3937974541157
0 426 506.3956856056339
0 427 506.39870665316676
0 428 506.39347754488307
0 429 506.39630725351856
0 430 506.4
0 431 506.39630725351856
0 432 506.39347754488307
0 433 506.39870665316676
0 434 506.3956856056339
0 435 506.3937974541157
0 436 506.39648902811325
0 437 506.39814504004653
0 438 506.3974965380457
0 439 506.3913037365472
0 440 506.39577970200344
0 441 506.3982764583624
0 442 506.3950032336417
0 443 506.3948060555124
0 444 531.0971784899633
0 445 531.0999548107682
0 446 531.0950300087546
0 447 531.0935972123934
0 448 531.090933268494
0 449 531.0949662725114
0 450 531.0951926914797
0 451 531.0963829664065
0 452 531.1005479191299
0 453 531.0933572358065
0 454 531.0962252737257
0 455 531.0991474291783
0 456 531.0968260119806
0 457 531.0968260119806
0 458 531.0991474291783
0 459 531.0962252737257
0 460 531.0933572358065
0 461 531.1005479191299
0 462 531.0963829664065
0 463 531.0951926914797
0 464 531.0949662725114
0 465 531.090933268494
0 466 531.0935972123934
0 467 531.0950300087546
0 468 531.0999548107682
0 469 531.0971784899633
0 470 560.102616044596
0 471 560.108511361861
0 472 560.1036265727977
0 473 560.1065764655866
0 474 560.1053459841282
0 475 560.1115604056034
0 476 560.1023108325835
0 477 560.1088710241964
0 478 560.1102514684051
0 479 560.1099896448911
0 480 560.1057797416485
0 481 560.1047275287008
0 482 560.11
0 483 560.1047275287008
0 484 560.1057797416485
0 485 560.1099896448911
0 486 560.1102514684051
0 487 560.1088710241964
0 488 560.1023108325835
0 489 560.1115604056034
0 490 560.1053459841282
0 491 560.1065764655866
0 492 560.1036265727977
0 493 560.108511361861
0 494 560.102616044596
0 495 589.6547925693473
0 496 589.6569413650619
0 497 589.6506576779169
0 498 589.6506641224107
0 499 589.6563490712197
0 500 589.6518516039782
0 501 589.6546993792215
0 502 589.6516831147012
0 503 589.6531090395437
0 504 589.6496801491544
0 505 589.6485904333191
0 506 589.6532768500485
0 507 589.6532768500485
0 508 589.6485904333191
0 509 589.6496801491544
0 510 589.6531090395437
0 511 589.6516831147012
0 512 589.6546993792215
0 513 589.6518516039782
0 514 589.6563490712197
0 515 589.6506641224107
0 516 589.6506576779169
0 517 589.6569413650619
0 518 589.6547925693473
0 519 623.0961416988554
0 520 623.0982747528675
0 521 623.0947501784941
0 522 623.0994919753988
0 523 623.0922251159935
0 524 623.0988534735079
0 525 623.0907831929469
0 526 623.0911844987057
0 527 623.0984693449343
0 528 623.0968853236228
0 529 623.1000569731959
0 530 623.1
0 531 623.1000569731959
0 532 623.0968853236228
0 533 623.0984693449343
0 534 623.0911844987057
0 535 623.0907831929469
0 536 623.0988534735079
0 537 623.0922251159935
0 538 623.0994919753988
0 539 623.0947501784941
0 540 623.0982747528675
0 541 623.0961416988554
0 549 657.1060584106648
0 550 657.1124415958047
0 551 657.1070299426115
0 552 657.1070299426115
0 558 657.1044557754878
0 559 657.1086410176022
0 598 216.79945064506043
0 599 216.79945064506043
0 600 230.90327866879673
0 601 230.90327866879673
0 602 217.5242112961222
0 603 217.5242112961222
0 604 215.4163262150759
0 605 215.4163262150759
0 606 289.0561969583078
0 607 289.0561969583078
0 608 288.2409812986349
0 609 288.2409812986349
0 610 286.95351766444685
0 611 286.95351766444685
0 612 285.96
0 613 427.78758899715643
0 614 427.78758899715643
0 615 428.9595786318333
0 616 428.9595786318333
0 617 428.0940019434984
0 618 428.0940019434984
0 619 425.9338770278786
0 620 425.9338770278786
0 621 426.78078740730587
0 622 426.78078740730587
0 623 424.7203580004142
0 624 424.7203580004142
521 542 36.24141415563139
522 543 36.483377036672465
525 546 37.32863378158916
527 548 37.92545319439176
534 556 37.623637516858984
535 557 37.32863378158916
538 560 36.483377036672465
539 561 36.24141415563139
543 562 38.322998316937515
544 562 37.48562657873014
544 563 38.265841164150665
545 563 37.53933004197068
546 564 37.57771280958969
547 565 37.636797153849336
548 566 37.68210450598529
549 567 37.74373060522765
550 568 37.79135483149558
551 569 37.84817036528972
552 570 37.89443230871783
553 572 37.79135483149558
553 571 37.93850945938704
554 573 37.74373060522765
555 574 37.68210450598529
557 576 37.57771280958969
558 577 37.53933004197068
559 578 37.48562657873014
564 579 41.70964876380528
565 580 41.74266402614958
566 581 41.7758710262276
571 585 41.876105358545495
572 586 41.839467013813625
573 587 41.80381083107132
574 588 41.7758710262276
575 589 41.74266402614958
575 590 42.083850821900775
576 590 41.70964876380528
579 580 42.86689281951749
581 591 42.98677587351717
582 592 43.068478032082794
582 591 43.48278049987146
583 593 43.15284115791219
583 592 43.399999999999935
584 594 43.23479385865043
584 593 43.32034741319606
585 594 43.23479385865043
586 595 43.15284115791219
587 596 43.068478032082794
588 597 42.98677587351717
589 597 75.27614495974136
595 596 45.2290050741778
