0 1 85.4458220160588
0 2 85.45251780959997
0 3 85.44923288128454
0 4 85.44767053583146
0 5 85.45
0 6 85.44767053583146
0 7 85.44923288128454
0 8 85.45251780959997
0 9 85.4458220160588
0 10 97.92834114800475
0 11 97.92487784010761
0 12 97.92883334340299
0 13 97.92960175554683
0 14 97.93045797911904
0 15 97.93045797911904
0 16 97.92960175554683
0 17 97.92883334340299
0 18 97.92487784010761
0 19 97.92834114800475
0 20 110.34808380755871
0 21 110.34722153275995
0 22 110.34628086165841
0 23 110.34799363830771
0 24 110.35
0 25 110.34799363830771
0 26 110.34628086165841
0 27 110.34722153275995
0 28 110.34808380755871
0 29 123.51705671687616
0 30 123.52451780921876
0 31 123.51622929801573
0 32 123.51809341145128
0 33 123.51765096535797
0 34 123.51765096535797
0 35 123.51809341145128
0 36 123.51622929801573
0 37 123.52451780921876
0 38 123.51705671687616
0 39 136.15109731471134
0 40 136.14316068021927
0 41 136.15
0 42 136.14316068021927
0 43 136.15109731471134
0 44 149.79421918084822
0 45 149.80022730289832
0 46 149.79855339755454
0 47 149.79212062054532
0 48 149.7986602076267
0 49 149.7975196723898
0 50 149.7982109372472
0 51 149.7982109372472
0 52 149.7975196723898
0 53 149.7986602076267
0 54 149.79212062054532
0 55 149.79855339755454
0 56 149.80022730289832
0 57 149.79421918084822
0 58 160.1614797633938
0 59 160.16563926135967
0 60 160.15888361249273
0 61 160.1577487978649
0 62 160.15739664467574
0 63 160.1583020014885
0 64 160.15782747028007
0 65 160.16
0 66 160.15782747028007
0 67 160.1583020014885
0 68 160.15739664467574
0 69 160.1577487978649
0 70 160.15888361249273
0 71 160.16563926135967
0 72 160.1614797633938
0 73 173.13067694663474
0 74 173.12903164980736
0 75 173.12847714919693
0 76 173.13261535597502
0 77 173.1289141073784
0 78 173.12483935010596
0 79 173.1253979056799
0 80 173.1253979056799
0 81 173.12483935010596
0 82 173.1289141073784
0 83 173.13261535597502
0 84 173.12847714919693
0 85 173.12903164980736
0 86 173.13067694663474
0 87 182.92013147819458
0 88 182.9190654360556
0 89 182.914065342171
0 90 182.92134812536236
0 91 182.91853623949652
0 92 182.91887436784646
0 93 182.91257857238796
0 94 182.92
0 95 182.91257857238796
0 96 182.91887436784646
0 97 182.91853623949652
0 98 182.92134812536236
0 99 182.914065342171
0 100 182.9190654360556
0 101 182.92013147819458
0 102 195.71308847391887
0 103 195.71152265515693
0 104 195.70933779459784
0 105 195.71152061133245
0 106 195.7071958309147
0 107 195.70901358905266
0 108 195.71363084874798
0 109 195.71363084874798
0 110 195.70901358905266
0 111 195.7071958309147
0 112 195.71152061133245
0 113 195.70933779459784
0 114 195.71152265515693
0 115 195.71308847391887
0 116 206.27751646750065
0 117 206.2800353887889
0 118 206.27999321310827
0 119 206.28154570877152
0 120 206.27988195653012
0 121 206.27812777897708
0 122 206.27696066211564
0 123 206.28
0 124 206.27696066211564
0 125 206.27812777897708
0 126 206.27988195653012
0 127 206.28154570877152
0 128 206.27999321310827
0 129 206.2800353887889
0 130 206.27751646750065
0 131 230.45020308083915
0 132 230.4500468648249
0 133 230.44617332470506
0 134 230.44901062924964
0 135 230.4492137109606
0 136 230.44487627196224
0 137 230.44681208469777
0 138 230.44655627715508
0 139 230.44654130622138
0 140 230.45
0 141 230.44654130622138
0 142 230.44655627715508
0 143 230.44681208469777
0 144 230.44487627196224
0 145 230.4492137109606
0 146 230.44901062924964
0 147 230.44617332470506
0 148 230.4500468648249
0 149 230.45020308083915
0 150 245.03193995885516
0 151 245.03207402297357
0 152 245.03908749422
0 153 245.03064828710714
0 154 245.02912888062923
0 155 245.03114108210815
0 156 245.03002040566378
0 157 245.03893323306806
0 158 245.03195709947713
0 159 245.02891584464066
0 160 245.02891584464066
0 161 245.03195709947713
0 162 245.03893323306806
0 163 245.03002040566378
0 164 245.03114108210815
0 165 245.02912888062923
0 166 245.03064828710714
0 167 245.03908749422
0 168 245.03207402297357
0 169 245.03193995885516
0 170 259.69574678842935
0 171 259.69436439784363
0 172 259.69286628631136
0 173 259.69739813867983
0 174 259.6908941414774
0 175 259.68991393583235
0 176 259.69084408195835
0 177 259.69177287700126
0 178 259.6970329056534
0 179 259.68934710534427
0 180 259.69
0 181 259.68934710534427
0 182 259.6970329056534
0 183 259.69177287700126
0 184 259.69084408195835
0 185 259.68991393583235
0 186 259.6908941414774
0 187 259.69739813867983
0 188 259.69286628631136
0 189 259.69436439784363
0 190 259.69574678842935
0 191 272.86119621521857
0 192 272.86444290159903
0 193 272.8594731725472
0 194 272.86574592645377
0 195 272.8651822787217
0 196 272.863926893974
0 197 272.8602118301604
0 198 272.8641163656372
0 199 272.8607917968428
0 200 272.8666154002721
0 201 272.8666154002721
0 202 272.8607917968428
0 203 272.8641163656372
0 204 272.8602118301604
0 205 272.863926893974
0 206 272.8651822787217
0 207 272.86574592645377
0 208 272.8594731725472
0 209 272.86444290159903
0 210 272.86119621521857
0 211 305.2920912830858
0 212 305.29679412008244
0 213 305.2950960955646
0 214 305.2944305093036
0 215 305.29438268661283
0 216 305.3000655093281
0 217 305.29212567637575
0 218 305.2930521646374
0 219 305.2997458236741
0 220 305.30075679565556
0 221 305.30055126055703
0 222 305.2996582048529
0 223 305.30160906880263
0 224 305.30160906880263
0 225 305.2996582048529
0 226 305.30055126055703
0 227 305.30075679565556
0 228 305.2997458236741
0 229 305.2930521646374
0 230 305.29212567637575
0 231 305.3000655093281
0 232 305.29438268661283
0 233 305.2944305093036
0 234 305.2950960955646
0 235 305.29679412008244
0 236 305.2920912830858
0 237 321.9790696613679
0 238 321.98473504189604
0 239 321.97905335595976
0 240 321.97522389152863
0 241 321.97743088607933
0 242 321.9776689461553
0 243 321.97835222263006
0 244 321.9803554566645
0 245 321.97489840048087
0 246 321.97764472087187
0 247 321.9761397992093
0 248 321.97841200925257
0 249 321.98
0 250 321.97841200925257
0 251 321.9761397992093
0 252 321.97764472087187
0 253 321.97489840048087
0 254 321.9803554566645
0 255 321.97835222263006
0 256 321.9776689461553
0 257 321.97743088607933
0 258 321.97522389152863
0 259 321.97905335595976
0 260 321.98473504189604
0 261 321.9790696613679
0 262 341.1427638101093
0 263 341.14039455919027
0 264 341.1344229185909
0 265 341.14480517809443
0 266 341.14168903844046
0 267 341.13995734888636
0 268 341.14019009785403
0 269 341.143491803669
0 270 341.14476062223207
0 271 341.1399302339144
0 272 341.1378086638888
0 273 341.13726064445086
0 274 341.1432103970413
0 275 341.1432103970413
0 276 341.13726064445086
0 277 341.1378086638888
0 278 341.1399302339144
0 279 341.14476062223207
0 280 341.143491803669
0 281 341.14019009785403
0 282 341.13995734888636
0 283 341.14168903844046
0 284 341.14480517809443
0 285 341.1344229185909
0 286 341.14039455919027
0 287 341.1427638101093
0 288 359.99154559517086
0 289 359.99010125279835
0 290 359.9911387798316
0 291 359.98810827581514
0 292 359.991601290919
0 293 359.99257353451054
0 294 359.9940335616689
0 295 359.98745783707517
0 296 359.99089238479354
0 297 359.99176879478784
0 298 359.9864465504222
0 299 359.98659447262753
0 300 359.99
0 301 359.98659447262753
0 302 359.9864465504222
0 303 359.99176879478784
0 304 359.99089238479354
0 305 359.98745783707517
0 306 359.9940335616689
0 307 359.99257353451054
0 308 359.991601290919
0 309 359.98810827581514
0 310 359.9911387798316
0 311 359.99010125279835
0 312 359.99154559517086
0 313 381.82499145550963
0 314 381.8242050996767
0 315 381.82324248269646
0 316 381.82319075718806
0 317 381.82416398127555
0 318 381.82276935772177
0 319 381.8220487347476
0 320 381.82689742866467
0 321 381.8239412347005
0 322 381.8199765596347
0 323 381.82324313744965
0 324 381.8295825365028
0 325 381.8295825365028
0 326 381.82324313744965
0 327 381.8199765596347
0 328 381.8239412347005
0 329 381.82689742866467
0 330 381.8220487347476
0 331 381.82276935772177
0 332 381.82416398127555
0 333 381.82319075718806
0 334 381.82324248269646
0 335 381.8242050996767
0 336 381.82499145550963
0 337 403.93011895623727
0 338 403.92827147898424
0 339 403.93057237599635
0 340 403.92782721669477
0 341 403.9312627168142
0 342 403.9317176206889
0 343 403.9317299990185
0 344 403.9266791139204
0 345 403.9297539176831
0 346 403.9276441393929
0 347 403.9268766744793
0 348 403.93
0 349 403.9268766744793
0 350 403.9276441393929
0 351 403.9297539176831
0 352 403.9266791139204
0 353 403.9317299990185
0 354 403.9317176206889
0 355 403.9312627168142
0 356 403.92782721669477
0 357 403.93057237599635
0 358 403.92827147898424
0 359 403.93011895623727
0 598 216.79945064506043
0 599 216.79945064506043
0 600 230.90327866879673
0 601 230.90327866879673
0 602 217.5242112961222
0 603 217.5242112961222
0 604 215.4163262150759
0 605 215.4163262150759
0 606 289.0561969583078
0 607 289.0561969583078
0 608 288.2409812986349
0 609 288.2409812986349
0 610 286.95351766444685
0 611 286.95351766444685
0 612 285.96
341 364 48.88623630430146
342 617 32.358433212997184
343 619 26.768274131889815
346 621 28.182664884641422
348 623 23.702021010875843
351 378 48.53469274652928
353 620 26.768274131889815
354 618 32.358433212997184
355 384 48.88623630430146
360 389 27.59719188613218
360 613 29.27992144798205
361 390 27.61753428530508
361 615 24.580685507121203
362 391 27.6095001765697
362 363 27.46797771951913
363 392 27.628762187256974
364 393 27.633581020200747
365 394 27.630007238507915
365 617 24.67150988488542
366 395 27.639893270416255
366 367 27.473205127906017
367 396 27.64373527582696
368 397 27.661180379730713
368 396 27.7315163667622
369 398 27.658777991805763
369 397 27.723226724174815
370 399 27.66745741841847
370 398 27.719754688669205
371 400 27.67514588940773
371 399 27.71372584117844
372 401 27.67845732695375
372 400 27.70532259332131
373 402 27.69119896284737
373 401 27.700689522103957
374 402 27.69991516232496
374 403 27.69991516232496
375 403 27.69119896284737
375 404 27.700689522103957
376 404 27.67845732695375
376 622 45.9152480119622
377 405 27.67514588940773
377 406 27.71372584117844
378 406 27.66745741841847
379 407 27.658777991805763
379 380 27.482394364392636
380 408 27.661180379730713
381 409 27.64373527582696
381 382 27.473205127906017
382 410 27.639893270416255
383 411 27.630007238507915
383 618 24.67150988488542
384 412 27.633581020200747
385 413 27.628762187256974
385 386 27.46797771951913
386 414 27.6095001765697
387 415 27.61753428530508
387 616 24.580685507121203
388 416 27.59719188613218
388 614 29.27992144798205
389 417 33.66727342687553
390 391 28.930663663317564
392 393 28.9361953269603
394 395 28.93781781682927
405 432 33.74470773321349
407 434 33.73786152084928
408 409 28.945992814204857
410 411 28.93781781682927
412 413 28.9361953269603
414 415 28.930663663317564
416 443 33.66727342687553
417 444 28.85158227896695
418 445 28.888594635253515
418 444 29.785998388504627
419 446 28.916647454364416
419 420 30.800365257574484
420 447 28.958302781758473
421 448 28.995028884276017
421 422 30.799120117302046
422 474 53.70802267818093
423 450 29.06217472936255
423 449 29.589080756251985
424 451 29.10310120932128
424 425 30.796756322703846
425 452 29.147495604253923
426 453 29.173901007578618
426 427 30.795942914611327
427 454 29.211562779146252
428 455 29.25704188738159
428 429 30.808416057954034
429 430 30.794350131152306
430 431 30.794350131152306
431 484 62.70666392019277
432 458 29.25704188738159
433 459 29.211562779146252
433 460 29.4319078552512
434 460 29.173901007578618
435 461 29.147495604253923
435 436 30.796756322703846
436 462 29.10310120932128
437 463 29.06217472936255
437 464 29.589080756251985
438 490 53.70802267818093
438 439 30.799120117302046
439 465 28.995028884276017
440 466 28.958302781758473
440 441 30.800365257574484
441 467 28.916647454364416
442 468 28.888594635253515
442 469 29.785998388504627
443 469 28.85158227896695
445 470 32.90064589031652
446 471 32.94726999312685
447 472 32.99560728339455
448 473 33.044382275963336
449 474 33.081030818280105
450 475 33.12863715880868
451 476 33.16165556783921
452 477 33.208267043012015
453 478 33.26235860548681
454 479 33.30309294945441
455 480 33.34339064942259
456 482 33.44045005678003
456 481 33.386134846669535
457 483 33.386134846669535
457 482 33.44045005678003
458 508 58.54946797367169
459 485 33.30309294945441
461 487 33.208267043012015
462 488 33.16165556783921
463 489 33.12863715880868
464 490 33.081030818280105
465 491 33.044382275963336
466 492 32.99560728339455
467 493 32.94726999312685
468 494 32.90064589031652
470 495 34.00065440546694
471 496 34.02105524524486
472 497 34.05043318373495
473 498 34.08179719439688
475 500 34.13239223963064
476 501 34.16913373206876
477 502 34.18851854058614
478 503 34.216984086853664
479 504 34.245423051847375
480 504 34.392586410446086
481 506 34.31125908502917
483 507 34.31125908502917
484 508 34.27697332029189
485 509 34.245423051847375
486 510 34.216984086853664
486 511 34.45359778020285
487 511 34.18851854058614
488 512 34.16913373206876
489 513 34.13239223963064
491 515 34.08179719439688
492 516 34.05043318373495
493 517 34.02105524524486
494 518 34.00065440546694
495 519 40.487175747389465
496 519 36.283942729532555
497 520 36.4458625909718
498 521 36.60643932425007
499 522 36.76963013140053
499 523 39.608133003210305
500 523 36.93216619696173
501 524 37.10408198567919
502 525 37.273187414011154
503 526 37.448230932849214
505 528 37.82250784916303
505 529 38.40165100617418
506 530 38.20001178010292
507 552 67.4560190049784
509 533 37.64400085006906
510 534 37.448230932849214
512 536 37.10408198567919
513 537 36.93216619696173
514 538 36.76963013140053
514 537 39.608133003210305
515 539 36.60643932425007
516 540 36.4458625909718
517 541 36.283942729532555
518 541 40.487175747389465
520 542 42.829452483075265
521 542 36.24141415563139
522 543 36.483377036672465
524 545 37.02471877003249
525 546 37.32863378158916
526 527 37.522469268426356
527 548 37.92545319439176
528 549 38.24423747442222
529 550 38.57758027663213
530 531 37.52701693447002
531 532 37.533405121304945
532 554 38.24423747442222
533 555 37.92545319439176
534 556 37.623637516858984
535 557 37.32863378158916
535 556 40.77729024837236
536 558 37.02471877003249
538 560 36.483377036672465
539 561 36.24141415563139
540 561 42.829452483075265
543 562 38.322998316937515
544 562 37.48562657873014
544 563 38.265841164150665
545 563 37.53933004197068
546 564 37.57771280958969
547 565 37.636797153849336
547 567 68.08910118366963
548 566 37.68210450598529
549 567 37.74373060522765
550 568 37.79135483149558
551 569 37.84817036528972
551 570 37.89443230871783
552 570 37.89443230871783
553 572 37.79135483149558
553 571 37.93850945938704
554 573 37.74373060522765
555 574 37.68210450598529
557 576 37.57771280958969
558 577 37.53933004197068
559 578 37.48562657873014
559 577 38.265841164150665
560 578 38.322998316937515
564 579 41.70964876380528
565 580 41.74266402614958
566 581 41.7758710262276
568 569 40.64884008185226
571 585 41.876105358545495
572 586 41.839467013813625
573 587 41.80381083107132
574 588 41.7758710262276
575 589 41.74266402614958
575 590 42.083850821900775
576 590 41.70964876380528
579 580 42.86689281951749
581 591 42.98677587351717
582 592 43.068478032082794
582 591 43.48278049987146
583 593 43.15284115791219
583 592 43.399999999999935
584 594 43.23479385865043
584 593 43.32034741319606
585 594 43.23479385865043
586 595 43.15284115791219
587 596 43.068478032082794
588 597 42.98677587351717
589 597 75.27614495974136
595 596 45.2290050741778
623 624 23.34
